# unix_time, cycles_done, cur_path, paths_total, pending_total, pending_favs, map_size, unique_crashes, unique_hangs, max_depth, execs_per_sec
1584158797, 0, 0, 2, 2, 1, 0.01%, 0, 0, 1, 941.18
1584158802, 10, 2, 3, 0, 0, 0.02%, 0, 0, 2, 5749.23
1584158807, 22, 2, 3, 0, 0, 0.02%, 0, 0, 2, 5782.93
1584158812, 33, 2, 3, 0, 0, 0.02%, 0, 0, 2, 5761.64
1584158817, 45, 0, 3, 0, 0, 0.02%, 0, 0, 2, 5753.28
1584158822, 56, 0, 3, 0, 0, 0.02%, 0, 0, 2, 5758.19
1584158828, 67, 1, 3, 0, 0, 0.02%, 0, 0, 2, 5762.06
1584158833, 78, 2, 3, 0, 0, 0.02%, 0, 0, 2, 5787.02
1584158838, 89, 2, 3, 0, 0, 0.02%, 0, 0, 2, 5759.72
1584158843, 101, 1, 3, 0, 0, 0.02%, 0, 0, 2, 5753.14
1584158848, 112, 2, 3, 0, 0, 0.02%, 0, 0, 2, 5729.60
1584158853, 123, 2, 3, 0, 0, 0.02%, 0, 0, 2, 5699.29
1584158858, 134, 2, 3, 0, 0, 0.02%, 0, 0, 2, 5631.36
